0,31,27,20,24,24,22,17,38,33
31,0,12,45,35,39,43,49,44,35
27,12,0,29,40,50,23,47,47,20
20,45,29,0,14,49,18,13,20,26
24,35,40,14,0,48,29,19,36,28
24,39,50,49,48,0,19,21,20,11
22,43,23,18,29,19,0,44,46,46
17,49,47,13,19,21,44,0,12,30
38,44,47,20,36,20,46,12,0,30
33,35,20,26,28,11,46,30,30,0
